Weights= [1,1,1]  k=50 alpha= 2
MAE=0.4565368015478761
RMSE=0.6035270406262908
Recall=0.9554655870445344 
Presision=0.9050814956855225 
***************************************************
Weights= [2,1,1]  k=50 alpha= 2
MAE=0.4640176043309233
RMSE=0.6160255312597099
Recall=0.9517587939698492 
Presision=0.9062200956937799 
*******************************************************
Weights= [2,1,2]  k=50 alpha= 2
MAE=0.458437609852607
RMSE=0.6063846345214745
Recall=0.9555555555555556
Presision=0.904397705544933 
********************************************************
Weights= [3,1,2]  k=50 alpha= 2
MAE=0.4675632196769963
RMSE=0.6202812391861806
Recall=0.9517587939698492 
Presision=0.907088122605364 